TECLAS:

A (Efecto noche Fragment Shader)
B (Traslacion sol y rio Vertex Shader)

OBJETOS:

Sky(y0=0 ; y1=1)

Vertices:	[-1.0, y0, 0.0,  0.0, 1.0, 1.0,		indices: [0, 1, 2,
         	1.0, y0, 0.0,  0.0, 1.0, 1.0,			   2, 3, 0]
         	1.0, y1, 0.0,  0.8, 1.0, 1.0,
        	-1.0, y1, 0.0,  0.8, 1.0, 1.0]


Land(y0=0 ; y1=-1)

Vertices:       [-1.0, y0, 0.0,  0.0, 1, 0.5,		indices: [0, 1, 2,
         	1.0, y0, 0.0,  0.0, 1, 0.5,			 2, 3, 0]
         	1.0, y1, 0.0,  0.2, 0.4, 0,
        	-1.0, y1, 0.0,  0.2, 0.4, 0]


Sun

Vertices:       [0.4,0.9,0,1,1,0,			indices: [0, 1, 3,
       		0.6,0.9,0,1,1,0,				  1, 3, 2]
       		0.6,0.7,0,1,1,0,
       		0.4,0.7,0,1,1,0]


Rio

Vertices:       [0.2,0,0,0,0,1,				indices: [0,1,2,
    		0.4,0,0,0,0,1,					  1,2,3,
   		0.2,-0.5,0,0,0,1,				  7,4,5,
    		0.4,-0.5,0,0,0,1,				  4,5,6,	
    		0.5,-0.5,0,0,0,1,				  2,9,7,                                 
    		0.3,-1,0,0,0,0.6,				  3,8,4]
    		0.5,-1,0,0,0,0.6,
    		0.3,-0.5,0,0,0,1,
    		0.4,-0.4,0,0,0,1,
    		0.3,-0.6,0,0,0,1]


Mont1(x0=-1 ; y0=0 ; width=0.6 ; height=0.4)

Vertices:       [ x0, y0, 0.0,  0.3, 0.15, 0.1,					indices: [0,1,2, 
         	 x0 + width*0.8, y0, 0.0,  0.3, 0.15, 0.1,				  1,4,3,
         	 x0 + width*0.4, y0 + height, 0.0,  0.6, 0.31, 0.17,			  3,6,5,
         	 x0+width*1.6, y0, 0.0,  0.3, 0.15, 0.1,				  5,7,8]
         	 x0 + width*1.2, y0 + height, 0.0,  0.6, 0.31, 0.17,
         	 x0+width*2.4, y0, 0.0,  0.3, 0.15, 0.1,
         	 x0 + width*2, y0 + height, 0.0,  0.6, 0.31, 0.17,
         	 x0+width*3.2, y0, 0.0,  0.3, 0.15, 0.1,
         	 x0 + width*2.8, y0 + height, 0.0,  0.6, 0.31, 0.17]

    	
